[gd_scene load_steps=54 format=3 uid="uid://caiwqyhaaige4"]

[ext_resource type="Texture2D" uid="uid://bad677qsbjcue" path="res://assets/textures/greyish-green-mossy-rock.jpg" id="1_bghdn"]
[ext_resource type="Script" path="res://scripts/player_3d.gd" id="1_player"]
[ext_resource type="Texture2D" uid="uid://pjwwk8ccsii5" path="res://assets/textures/grass_mossy.png" id="1_w3v01"]
[ext_resource type="Script" path="res://scripts/camera_3d_follow.gd" id="2_camera"]
[ext_resource type="PackedScene" uid="uid://cxyfdrw5xr1q4" path="res://assets/models/environment/rocks/Rock_1.glb" id="2_dn385"]
[ext_resource type="PackedScene" uid="uid://0q0aa3y7g1wa" path="res://assets/models/environment/trees/MapleTree_1.glb" id="2_dowjx"]
[ext_resource type="PackedScene" uid="uid://c8q0mc08hymco" path="res://assets/models/environment/structures/stone-base.glb" id="3_2t4f1"]
[ext_resource type="PackedScene" uid="uid://bydongp8m4fhl" path="res://assets/models/environment/trees/MapleTree_2.glb" id="3_jax2i"]
[ext_resource type="PackedScene" uid="uid://cd27ahysch6g1" path="res://assets/models/environment/trees/MapleTree_3.glb" id="4_d5e0f"]
[ext_resource type="PackedScene" uid="uid://bp46nwk21im5s" path="res://assets/models/environment/rocks/Rock_2.glb" id="4_o7y3g"]
[ext_resource type="PackedScene" uid="uid://n52i38jd65on" path="res://assets/models/humanoid/human-female.glb" id="4_pgxgn"]
[ext_resource type="PackedScene" uid="uid://bgdfkhlbygj3r" path="res://assets/models/environment/structures/wood-base.glb" id="4_vabtq"]
[ext_resource type="PackedScene" uid="uid://bolxexufvenjt" path="res://assets/models/environment/trees/MapleTree_4.glb" id="5_4fdxu"]
[ext_resource type="PackedScene" uid="uid://ojjbx5sgd6kj" path="res://assets/models/environment/trees/MapleTree_5.glb" id="6_64rc6"]
[ext_resource type="PackedScene" uid="uid://7j3bdwajdgrl" path="res://assets/models/environment/trees/NormalTree_1.glb" id="7_mx2ir"]
[ext_resource type="PackedScene" uid="uid://2tnm7u4vx16k" path="res://assets/models/environment/trees/NormalTree_5.glb" id="8_2vll7"]
[ext_resource type="PackedScene" uid="uid://baqasy462hsob" path="res://assets/models/environment/rocks/Rock_3.glb" id="11_k8d88"]
[ext_resource type="PackedScene" uid="uid://d4bxd58h0oiv2" path="res://assets/models/environment/rocks/Rock_4.glb" id="12_kyfdu"]
[ext_resource type="PackedScene" uid="uid://bqk02oayce6g8" path="res://assets/models/environment/rocks/Rock_5.glb" id="13_vqcon"]
[ext_resource type="PackedScene" uid="uid://w3lkanf010ci" path="res://assets/models/environment/trees/NormalTree_2.glb" id="14_itov8"]
[ext_resource type="PackedScene" uid="uid://2vcu3igdvp7f" path="res://assets/models/environment/trees/NormalTree_3.glb" id="15_uho61"]
[ext_resource type="PackedScene" uid="uid://c3gn62uy8euvw" path="res://assets/models/environment/trees/NormalTree_4.glb" id="16_b7iub"]
[ext_resource type="PackedScene" uid="uid://dbb0pu0u0q3gf" path="res://assets/models/environment/trees/PineTree_1.glb" id="17_sd5nt"]
[ext_resource type="PackedScene" uid="uid://84vki1qr134p" path="res://assets/models/environment/trees/PineTree_2.glb" id="18_3606p"]
[ext_resource type="PackedScene" uid="uid://dc5ktf34vfe2d" path="res://assets/models/environment/trees/PineTree_3.glb" id="19_ikac7"]
[ext_resource type="PackedScene" uid="uid://dva3w3aljf4ty" path="res://assets/models/environment/trees/PineTree_4.glb" id="20_hi0in"]
[ext_resource type="PackedScene" uid="uid://bbm3tecl3gfxd" path="res://assets/models/environment/trees/PineTree_5.glb" id="21_3rh45"]
[ext_resource type="Material" uid="uid://dv6qi8hacy1mv" path="res://assets/models/test-rox-road.tres" id="23_3abre"]
[ext_resource type="PackedScene" uid="uid://cn6yr1jfhh7ym" path="res://assets/models/environment/rocks/sample.glb" id="28_ypwn2"]
[ext_resource type="PackedScene" uid="uid://trcrv5xljp4o" path="res://assets/models/fence.glb" id="29_cll5n"]
[ext_resource type="Script" path="res://scripts/base_3d.gd" id="base_3d_script"]
[ext_resource type="Script" path="res://scripts/main_3d_controller.gd" id="main_3d_ctrl"]

[sub_resource type="NavigationMesh" id="NavigationMesh_ta7nc"]
agent_height = 1.8
agent_radius = 0.2

[sub_resource type="BoxMesh" id="BoxMesh_ground"]
size = Vector3(60, 0.5, 100)

[sub_resource type="StandardMaterial3D" id="StandardMaterial3D_ground"]
albedo_color = Color(0.452586, 0.452586, 0.452586, 1)
albedo_texture = ExtResource("1_w3v01")
uv1_scale = Vector3(20, 20, 1)

[sub_resource type="BoxShape3D" id="BoxShape3D_ground"]
size = Vector3(60, 0.5, 100)

[sub_resource type="BoxMesh" id="BoxMesh_lane"]
size = Vector3(8, 0.6, 100)

[sub_resource type="BoxMesh" id="BoxMesh_backdrop_top"]
size = Vector3(180, 80, 1)

[sub_resource type="StandardMaterial3D" id="StandardMaterial3D_backdrop"]
albedo_texture = ExtResource("1_bghdn")
uv1_scale = Vector3(10, 5, 5)

[sub_resource type="BoxMesh" id="BoxMesh_backdrop_side"]
size = Vector3(180, 80, 1)

[sub_resource type="BoxMesh" id="BoxMesh_backdrop_floor"]
size = Vector3(360, 1, 160)

[sub_resource type="BoxMesh" id="BoxMesh_wall_side"]
size = Vector3(2, 3, 100)

[sub_resource type="StandardMaterial3D" id="StandardMaterial3D_wall"]
albedo_color = Color(0.6, 0.7, 0.3, 1)

[sub_resource type="BoxShape3D" id="BoxShape3D_wall_side"]
size = Vector3(2, 3, 100)

[sub_resource type="BoxMesh" id="BoxMesh_wall_segment"]
size = Vector3(22.5, 3, 2)

[sub_resource type="BoxShape3D" id="BoxShape3D_wall_segment"]
size = Vector3(22.5, 3, 2)

[sub_resource type="BoxShape3D" id="BoxShape3D_base"]
size = Vector3(15, 6, 15)

[sub_resource type="BoxShape3D" id="BoxShape3D_rstky"]
size = Vector3(10, 3, 3)

[sub_resource type="StandardMaterial3D" id="StandardMaterial3D_qavsd"]
albedo_texture = ExtResource("1_bghdn")
uv1_scale = Vector3(2, 2, 2)

[sub_resource type="StandardMaterial3D" id="StandardMaterial3D_xftd6"]
albedo_color = Color(0.423651, 0.423651, 0.423651, 1)
albedo_texture = ExtResource("1_bghdn")
uv1_scale = Vector3(2, 2, 2)

[sub_resource type="CapsuleMesh" id="CapsuleMesh_player"]
radius = 1.0
height = 4.0

[sub_resource type="StandardMaterial3D" id="StandardMaterial3D_player"]
albedo_color = Color(0.2, 0.6, 0.9, 1)

[sub_resource type="CapsuleShape3D" id="CapsuleShape3D_player"]
radius = 1.0
height = 4.0

[node name="Main3D" type="Node3D"]
script = ExtResource("main_3d_ctrl")

[node name="NavigationRegion3D" type="NavigationRegion3D" parent="."]
navigation_mesh = SubResource("NavigationMesh_ta7nc")

[node name="Ground" type="StaticBody3D" parent="."]
transform = Transform3D(1, 0, 0, 0, 1, 0, 0, 0, 1, 0, -0.25, 0)

[node name="MeshInstance3D" type="MeshInstance3D" parent="Ground"]
mesh = SubResource("BoxMesh_ground")
surface_material_override/0 = SubResource("StandardMaterial3D_ground")

[node name="CollisionShape3D" type="CollisionShape3D" parent="Ground"]
shape = SubResource("BoxShape3D_ground")

[node name="Rock_52" parent="Ground" instance=ExtResource("13_vqcon")]
transform = Transform3D(-0.0746481, 0, 0.99721, 0, 1, 0, -0.99721, 0, -0.0746481, 32.1119, -0.20292, 15.0719)

[node name="Rock_12" parent="Ground/Rock_52" instance=ExtResource("2_dn385")]
transform = Transform3D(-0.951723, 0, -0.306958, 0, 1, 0, 0.306958, 0, -0.951723, -0.302605, 0.25, 1.56814)

[node name="Rock_22" parent="Ground/Rock_52" instance=ExtResource("4_o7y3g")]
transform = Transform3D(-0.951723, 0, -0.306958, 0, 1, 0, 0.306958, 0, -0.951723, 2.27739, 0.25, -1.38481)

[node name="Rock_32" parent="Ground/Rock_52" instance=ExtResource("11_k8d88")]
transform = Transform3D(-0.951723, 0, -0.306958, 0, 1, 0, 0.306958, 0, -0.951723, -1.20104, 0.25, -0.636142)

[node name="Rock_42" parent="Ground/Rock_52" instance=ExtResource("12_kyfdu")]
transform = Transform3D(-0.951723, 0, -0.306958, 0, 1, 0, 0.306958, 0, -0.951723, -3.16591, 0.25, 1.25344)

[node name="Rock_52" parent="Ground/Rock_52" instance=ExtResource("13_vqcon")]
transform = Transform3D(-0.951723, 0, -0.306958, 0, 1, 0, 0.306958, 0, -0.951723, 0.969471, 0.25, 0.260525)

[node name="Rock_13" parent="Ground/Rock_52" instance=ExtResource("2_dn385")]
transform = Transform3D(-0.984056, 0, 0.177858, 0, 1, 0, -0.177858, 0, -0.984056, -32.6188, -0.20292, -1.29162)

[node name="Rock_23" parent="Ground/Rock_52" instance=ExtResource("4_o7y3g")]
transform = Transform3D(-0.984056, 0, 0.177858, 0, 1, 0, -0.177858, 0, -0.984056, -28.8124, -0.20292, -3.21669)

[node name="Rock_33" parent="Ground/Rock_52" instance=ExtResource("11_k8d88")]
transform = Transform3D(-0.984056, 0, 0.177858, 0, 1, 0, -0.177858, 0, -0.984056, -32.2331, -0.20292, -4.1959)

[node name="Rock_43" parent="Ground/Rock_52" instance=ExtResource("12_kyfdu")]
transform = Transform3D(-0.984056, 0, 0.177858, 0, 1, 0, -0.177858, 0, -0.984056, -34.8567, -0.20292, -3.45548)

[node name="Rock_53" parent="Ground/Rock_52" instance=ExtResource("13_vqcon")]
transform = Transform3D(-0.984056, 0, 0.177858, 0, 1, 0, -0.177858, 0, -0.984056, -30.7415, -0.20292, -2.38205)

[node name="Rock_14" parent="Ground/Rock_52" instance=ExtResource("2_dn385")]
transform = Transform3D(0.377146, 0, -0.926154, 0, 1, 0, 0.926154, 0, 0.377146, -32.4229, 0.04708, -22.6072)

[node name="Rock_24" parent="Ground/Rock_52" instance=ExtResource("4_o7y3g")]
transform = Transform3D(0.377146, 0, -0.926154, 0, 1, 0, 0.926154, 0, 0.377146, -35.5602, 0.04708, -24.9595)

[node name="Rock_34" parent="Ground/Rock_52" instance=ExtResource("11_k8d88")]
transform = Transform3D(0.377146, 0, -0.926154, 0, 1, 0, 0.926154, 0, 0.377146, -31.7876, 0.04708, -24.0334)

[node name="Rock_44" parent="Ground/Rock_52" instance=ExtResource("12_kyfdu")]
transform = Transform3D(0.377146, 0, -0.926154, 0, 1, 0, 0.926154, 0, 0.377146, -32.523, 0.04708, -19.7284)

[node name="Rock_54" parent="Ground/Rock_52" instance=ExtResource("13_vqcon")]
transform = Transform3D(0.377146, 0, -0.926154, 0, 1, 0, 0.926154, 0, 0.377146, -33.8521, 0.04708, -23.374)

[node name="Rock_15" parent="Ground/Rock_52" instance=ExtResource("2_dn385")]
transform = Transform3D(0.70132, 0, -0.712847, 0, 1, 0, 0.712847, 0, 0.70132, -33.9235, -0.40584, -6.45039)

[node name="Rock_25" parent="Ground/Rock_52" instance=ExtResource("4_o7y3g")]
transform = Transform3D(0.70132, 0, -0.712847, 0, 1, 0, 0.712847, 0, 0.70132, -38.1433, -0.40584, -7.07304)

[node name="Rock_35" parent="Ground/Rock_52" instance=ExtResource("11_k8d88")]
transform = Transform3D(0.70132, 0, -0.712847, 0, 1, 0, 0.712847, 0, 0.70132, -35.9136, -0.40584, -4.30023)

[node name="Rock_45" parent="Ground/Rock_52" instance=ExtResource("12_kyfdu")]
transform = Transform3D(0.70132, 0, -0.712847, 0, 1, 0, 0.712847, 0, 0.70132, -33.3433, -0.40584, -3.39197)

[node name="Rock_55" parent="Ground/Rock_52" instance=ExtResource("13_vqcon")]
transform = Transform3D(-0.103904, 0, -0.994587, 0, 1, 0, 0.994587, 0, -0.103904, -34.4894, -0.40584, -11.3025)

[node name="Rock_16" parent="Ground/Rock_52" instance=ExtResource("2_dn385")]
transform = Transform3D(-0.206409, 0, 0.978466, 0, 1, 0, -0.978466, 0, -0.206409, -36.0176, -0.15584, -11.7664)

[node name="Rock_26" parent="Ground/Rock_52" instance=ExtResource("4_o7y3g")]
transform = Transform3D(-0.206409, 0, 0.978466, 0, 1, 0, -0.978466, 0, -0.206409, -33.3487, -0.15584, -8.89352)

[node name="Rock_36" parent="Ground/Rock_52" instance=ExtResource("11_k8d88")]
transform = Transform3D(-0.206409, 0, 0.978466, 0, 1, 0, -0.978466, 0, -0.206409, -33.7319, -0.15584, -12.4309)

[node name="Rock_46" parent="Ground/Rock_52" instance=ExtResource("12_kyfdu")]
transform = Transform3D(-0.206409, 0, 0.978466, 0, 1, 0, -0.978466, 0, -0.206409, -35.4071, -0.15584, -14.5815)

[node name="Rock_56" parent="Ground/Rock_52" instance=ExtResource("13_vqcon")]
transform = Transform3D(-0.206409, 0, 0.978466, 0, 1, 0, -0.978466, 0, -0.206409, -34.8493, -0.15584, -10.3653)

[node name="Rock_17" parent="Ground/Rock_52" instance=ExtResource("2_dn385")]
transform = Transform3D(0.991144, 0, 0.132793, 0, 1, 0, -0.132793, 0, 0.991144, -30.1648, 0.04708, -3.87136)

[node name="Rock_27" parent="Ground/Rock_52" instance=ExtResource("4_o7y3g")]
transform = Transform3D(0.991144, 0, 0.132793, 0, 1, 0, -0.132793, 0, 0.991144, -33.2289, 0.04708, -1.42437)

[node name="Rock_37" parent="Ground/Rock_52" instance=ExtResource("11_k8d88")]
transform = Transform3D(0.991144, 0, 0.132793, 0, 1, 0, -0.132793, 0, 0.991144, -29.6727, 0.04708, -1.54243)

[node name="Rock_47" parent="Ground/Rock_52" instance=ExtResource("12_kyfdu")]
transform = Transform3D(0.991144, 0, 0.132793, 0, 1, 0, -0.132793, 0, 0.991144, -27.4031, 0.04708, -3.05242)

[node name="Rock_57" parent="Ground/Rock_52" instance=ExtResource("13_vqcon")]
transform = Transform3D(0.991144, 0, 0.132793, 0, 1, 0, -0.132793, 0, 0.991144, -31.6492, 0.04708, -2.81084)

[node name="Rock_58" parent="Ground/Rock_52" instance=ExtResource("13_vqcon")]
transform = Transform3D(-0.074648, 0, 0.99721, 0, 1, 0, -0.99721, 0, -0.074648, -34.0093, -0.20292, -22.7919)

[node name="Rock_18" parent="Ground/Rock_52" instance=ExtResource("2_dn385")]
transform = Transform3D(1, 0, 0, 0, 1, 0, 0, 0, 1, 1.65343, 0, -1.40693)

[node name="Rock_28" parent="Ground/Rock_52" instance=ExtResource("4_o7y3g")]
transform = Transform3D(1, 0, 0, 0, 1, 0, 0, 0, 1, -1.74983, 0, 1.16442)

[node name="Rock_38" parent="Ground/Rock_52" instance=ExtResource("11_k8d88")]
transform = Transform3D(1, 0, 0, 0, 1, 0, 0, 0, 1, 1.79048, 0, 1.51963)

[node name="Rock_48" parent="Ground/Rock_52" instance=ExtResource("12_kyfdu")]
transform = Transform3D(1, 0, 0, 0, 1, 0, 0, 0, 1, 4.24052, 0, 0.324408)

[node name="wall-trees-rocks" type="Node3D" parent="Ground"]

[node name="MapleTree_33" parent="Ground/wall-trees-rocks" instance=ExtResource("4_d5e0f")]
transform = Transform3D(1, 0, 0, 0, 1, 0, 0, 0, 1, 18.5357, 0, 51.0336)

[node name="MapleTree_42" parent="Ground/wall-trees-rocks" instance=ExtResource("5_4fdxu")]
transform = Transform3D(1, 0, 0, 0, 1, 0, 0, 0, 1, 22.1166, 0, 51.0336)

[node name="MapleTree_52" parent="Ground/wall-trees-rocks" instance=ExtResource("6_64rc6")]
transform = Transform3D(1, 0, 0, 0, 1, 0, 0, 0, 1, 25.2509, 0, 51.2459)

[node name="NormalTree_12" parent="Ground/wall-trees-rocks" instance=ExtResource("7_mx2ir")]
transform = Transform3D(1, 0, 0, 0, 1, 0, 0, 0, 1, 26.9697, 0, 51.2799)

[node name="MapleTree_12" parent="Ground/wall-trees-rocks" instance=ExtResource("2_dowjx")]
transform = Transform3D(1, 0, 0, 0, 1, 0, 0, 0, 1, -31.9659, 0, 20.5741)

[node name="MapleTree_12" parent="Ground/wall-trees-rocks/MapleTree_12" instance=ExtResource("2_dowjx")]
transform = Transform3D(1, 0, 0, 0, 1, 0, 0, 0, 1, 0.147346, -0.272978, -23.3346)

[node name="MapleTree_22" parent="Ground/wall-trees-rocks" instance=ExtResource("3_jax2i")]
transform = Transform3D(-1.0469, 0, -0.931726, 0, 1.31072, 0, 0.826258, 0, -1.18053, -33.8224, 0, 23.6612)

[node name="MapleTree_43" parent="Ground/wall-trees-rocks" instance=ExtResource("5_4fdxu")]
transform = Transform3D(1, 0, 0, 0, 1, 0, 0, 0, 1, -23.3467, 0, 50.7046)

[node name="MapleTree_53" parent="Ground/wall-trees-rocks" instance=ExtResource("6_64rc6")]
transform = Transform3D(1, 0, 0, 0, 1, 0, 0, 0, 1, -20.2124, 0, 50.917)

[node name="Rock_32" parent="Ground/wall-trees-rocks/MapleTree_53" instance=ExtResource("11_k8d88")]
transform = Transform3D(2.17139, 0, -0.658863, 0, 0.987525, 0, 1.08565, 0, 1.31778, -2.31835, 0.0140533, -1.05869)

[node name="Rock_33" parent="Ground/wall-trees-rocks/MapleTree_53" instance=ExtResource("11_k8d88")]
transform = Transform3D(2.17139, 0, -0.658863, 0, 0.987525, 0, 1.08565, 0, 1.31778, -0.856527, 0.0140533, -1.36093)

[node name="Rock_42" parent="Ground/wall-trees-rocks/MapleTree_53" instance=ExtResource("12_kyfdu")]
transform = Transform3D(2.17139, 0, -0.658863, 0, 0.987525, 0, 1.08565, 0, 1.31778, -2.231, 0.0140533, -1.56263)

[node name="Rock_52" parent="Ground/wall-trees-rocks/MapleTree_53" instance=ExtResource("13_vqcon")]
transform = Transform3D(2.17139, 0, -0.658863, 0, 0.987525, 0, 1.08565, 0, 1.31778, -1.18316, 0.0140533, -2.37555)

[node name="Rock_32" parent="Ground/wall-trees-rocks/MapleTree_53/Rock_52" instance=ExtResource("11_k8d88")]
transform = Transform3D(2.17139, 0, -0.658863, 0, 0.987525, 0, 1.08565, 0, 1.31778, -4.2211, 0.0140533, 3.15251)

[node name="Rock_33" parent="Ground/wall-trees-rocks/MapleTree_53/Rock_52" instance=ExtResource("11_k8d88")]
transform = Transform3D(2.17139, 0, -0.658863, 0, 0.987525, 0, 1.08565, 0, 1.31778, -2.75927, 0.0140533, 2.85028)

[node name="Rock_42" parent="Ground/wall-trees-rocks/MapleTree_53/Rock_52" instance=ExtResource("12_kyfdu")]
transform = Transform3D(2.17139, 0, -0.658863, 0, 0.987525, 0, 1.08565, 0, 1.31778, -4.13374, 0.0140533, 2.64858)

[node name="Rock_52" parent="Ground/wall-trees-rocks/MapleTree_53/Rock_52" instance=ExtResource("13_vqcon")]
transform = Transform3D(2.17139, 0, -0.658863, 0, 0.987525, 0, 1.08565, 0, 1.31778, -3.0859, 0.0140533, 1.83566)

[node name="Rock_32" parent="Ground/wall-trees-rocks/MapleTree_53/Rock_52/Rock_52" instance=ExtResource("11_k8d88")]
transform = Transform3D(2.32862, 0, -0.980407, 0, 0.987525, 0, 1.16426, 0, 1.96089, 1.03132, 0.0140534, 2.14006)

[node name="Rock_33" parent="Ground/wall-trees-rocks/MapleTree_53/Rock_52/Rock_52" instance=ExtResource("11_k8d88")]
transform = Transform3D(2.32862, 0, -0.980407, 0, 0.987525, 0, 1.16426, 0, 1.96089, 2.94049, 0.0140534, 0.353374)

[node name="Rock_42" parent="Ground/wall-trees-rocks/MapleTree_53/Rock_52/Rock_52" instance=ExtResource("12_kyfdu")]
transform = Transform3D(2.32862, 0, -0.980407, 0, 0.987525, 0, 1.16426, 0, 1.96089, 1.21327, 0.0140534, 1.27913)

[node name="Rock_52" parent="Ground/wall-trees-rocks/MapleTree_53/Rock_52/Rock_52" instance=ExtResource("13_vqcon")]
transform = Transform3D(2.32862, 0, -0.980407, 0, 0.987525, 0, 1.16426, 0, 1.96089, 2.66504, 0.0140534, -0.927124)

[node name="Rock_32" parent="Ground/wall-trees-rocks/MapleTree_53/Rock_52/Rock_52/Rock_52" instance=ExtResource("11_k8d88")]
transform = Transform3D(0.6506, 0, -1.1349, 0, 4.96734, 0, 1.28797, 0, 0.573275, 0.761405, 0.0140532, 1.10093)

[node name="Rock_32" parent="Ground/wall-trees-rocks/MapleTree_53/Rock_52/Rock_52/Rock_52/Rock_32" instance=ExtResource("11_k8d88")]
transform = Transform3D(0.6506, 0, -1.1349, 0, 4.96734, 0, 1.28798, 0, 0.573275, 0.429689, 0.0140532, 0.296521)

[node name="Rock_33" parent="Ground/wall-trees-rocks/MapleTree_53/Rock_52/Rock_52/Rock_52" instance=ExtResource("11_k8d88")]
transform = Transform3D(1.39832, 0, -0.31384, 0, 4.96734, 0, 0.356171, 0, 1.23213, -0.618412, 0.0140532, 2.18095)

[node name="Rock_45" parent="Ground/wall-trees-rocks/MapleTree_53/Rock_52/Rock_52/Rock_52" instance=ExtResource("12_kyfdu")]
transform = Transform3D(-1.08688, 0.00352287, 3.66034, 0.0057075, 8.40935, 0.001098, -4.98538, 0.00885939, -2.49774, -15.0982, 0.194387, -15.1984)

[node name="Rock_44" parent="Ground/wall-trees-rocks/MapleTree_53/Rock_52/Rock_52/Rock_52" instance=ExtResource("12_kyfdu")]
transform = Transform3D(1.81617, 0, 3.03406, 0, 10.2657, 0, -3.4433, 0, 0.53886, -15.3109, 0.0501201, -17.1261)

[node name="Rock_43" parent="Ground/wall-trees-rocks/MapleTree_53/Rock_52/Rock_52/Rock_52" instance=ExtResource("12_kyfdu")]
transform = Transform3D(1.92669, 0, 1.88845, 0, 2.06664, 0, -2.14317, 0, 1.13168, -6.92644, 8.01846, -2.31422)

[node name="Rock_43" parent="Ground/wall-trees-rocks/MapleTree_53/Rock_52/Rock_52/Rock_52/Rock_43" instance=ExtResource("12_kyfdu")]
transform = Transform3D(-2.84002, 0, -0.781845, 0, 2.06664, 0, 0.489471, 0, -2.05807, -1.10303, 8.01845, 3.94178)

[node name="Rock_46" parent="Ground/wall-trees-rocks/MapleTree_53/Rock_52/Rock_52/Rock_52" instance=ExtResource("12_kyfdu")]
transform = Transform3D(1.63901, 0, -0.905433, 0, 1.12041, 0, 1.26272, 0, 1.37344, -1.54721, 0.0152303, -6.68309)

[node name="Rock_42" parent="Ground/wall-trees-rocks/MapleTree_53/Rock_52/Rock_52/Rock_52" instance=ExtResource("12_kyfdu")]
transform = Transform3D(-3.3075, 0, 1.70016, 0, 0.367133, 0, -3.49467, 0, -1.60911, -0.491372, 0.0140532, -5.08335)

[node name="Rock_52" parent="Ground/wall-trees-rocks/MapleTree_53/Rock_52/Rock_52/Rock_52" instance=ExtResource("13_vqcon")]
transform = Transform3D(1.37416, 0, 0.387941, 0, 4.96734, 0, -0.440267, 0, 1.21084, 0.756462, 0.0140532, 2.51198)

[node name="NormalTree_13" parent="Ground/wall-trees-rocks" instance=ExtResource("7_mx2ir")]
transform = Transform3D(1, 0, 0, 0, 1, 0, 0, 0, 1, -18.4936, 0, 50.9509)

[node name="NormalTree_22" parent="Ground/wall-trees-rocks" instance=ExtResource("14_itov8")]
transform = Transform3D(1, 0, 0, 0, 1, 0, 0, 0, 1, -16.1683, 0, 50.9439)

[node name="NormalTree_32" parent="Ground/wall-trees-rocks" instance=ExtResource("15_uho61")]
transform = Transform3D(1, 0, 0, 0, 1, 0, 0, 0, 1, -30.7907, 0, 45.2556)

[node name="NormalTree_42" parent="Ground/wall-trees-rocks" instance=ExtResource("16_b7iub")]
transform = Transform3D(1, 0, 0, 0, 1, 0, 0, 0, 1, -30.5822, 0, 48.3786)

[node name="NormalTree_53" parent="Ground/wall-trees-rocks" instance=ExtResource("8_2vll7")]
transform = Transform3D(1, 0, 0, 0, 1, 0, 0, 0, 1, -15.1948, 0, 49.8841)

[node name="NormalTree_14" parent="Ground/wall-trees-rocks" instance=ExtResource("7_mx2ir")]
transform = Transform3D(1, 0, 0, 0, 1, 0, 0, 0, 1, -18.4936, 0, -51.0104)

[node name="Rock_32" parent="Ground/wall-trees-rocks/NormalTree_14" instance=ExtResource("11_k8d88")]
transform = Transform3D(2.17139, 0, -0.658863, 0, 0.987525, 0, 1.08565, 0, 1.31778, -1.8028, 0.0140533, 0.160587)

[node name="Rock_33" parent="Ground/wall-trees-rocks/NormalTree_14" instance=ExtResource("11_k8d88")]
transform = Transform3D(2.17139, 0, -0.658863, 0, 0.987525, 0, 1.08565, 0, 1.31778, -0.340975, 0.0140533, -0.141647)

[node name="Rock_42" parent="Ground/wall-trees-rocks/NormalTree_14" instance=ExtResource("12_kyfdu")]
transform = Transform3D(2.17139, 0, -0.658863, 0, 0.987525, 0, 1.08565, 0, 1.31778, -1.71545, 0.0140533, -0.343346)

[node name="Rock_52" parent="Ground/wall-trees-rocks/NormalTree_14" instance=ExtResource("13_vqcon")]
transform = Transform3D(2.17139, 0, -0.658863, 0, 0.987525, 0, 1.08565, 0, 1.31778, -0.667606, 0.0140533, -1.15627)

[node name="NormalTree_23" parent="Ground/wall-trees-rocks" instance=ExtResource("14_itov8")]
transform = Transform3D(1, 0, 0, 0, 1, 0, 0, 0, 1, -25.4507, 0, -51.0259)

[node name="Rock_32" parent="Ground/wall-trees-rocks/NormalTree_23" instance=ExtResource("11_k8d88")]
transform = Transform3D(0.803103, 0, 1.39036, 0, 0.987525, 0, -2.29098, 0, 0.48739, -0.319853, 0.0140533, 0.695572)

[node name="Rock_33" parent="Ground/wall-trees-rocks/NormalTree_23" instance=ExtResource("11_k8d88")]
transform = Transform3D(0.803103, 0, 1.39036, 0, 0.987525, 0, -2.29098, 0, 0.48739, -0.804054, 0.0140533, -0.716457)

[node name="Rock_42" parent="Ground/wall-trees-rocks/NormalTree_23" instance=ExtResource("12_kyfdu")]
transform = Transform3D(0.803103, 0, 1.39036, 0, 0.987525, 0, -2.29098, 0, 0.48739, -0.83078, 0.0140533, 0.672478)

[node name="Rock_52" parent="Ground/wall-trees-rocks/NormalTree_23" instance=ExtResource("13_vqcon")]
transform = Transform3D(0.803103, 0, 1.39036, 0, 0.987525, 0, -2.29098, 0, 0.48739, -1.76937, 0.0140533, -0.264462)

[node name="NormalTree_33" parent="Ground/wall-trees-rocks" instance=ExtResource("15_uho61")]
transform = Transform3D(1, 0, 0, 0, 1, 0, 0, 0, 1, -30.7907, 0, -49.1181)

[node name="NormalTree_43" parent="Ground/wall-trees-rocks" instance=ExtResource("16_b7iub")]
transform = Transform3D(1, 0, 0, 0, 1, 0, 0, 0, 1, -28.3088, 0, -50.9952)

[node name="NormalTree_54" parent="Ground/wall-trees-rocks" instance=ExtResource("8_2vll7")]
transform = Transform3D(1, 0, 0, 0, 1, 0, 0, 0, 1, -22.688, 0, -51.0291)

[node name="MapleTree_34" parent="Ground/wall-trees-rocks" instance=ExtResource("4_d5e0f")]
transform = Transform3D(0.0472459, 0, -0.998883, 0, 1, 0, 0.998883, 0, 0.0472459, 30.4823, 0, -4.55062)

[node name="MapleTree_44" parent="Ground/wall-trees-rocks" instance=ExtResource("5_4fdxu")]
transform = Transform3D(0.0472459, 0, -0.998883, 0, 1, 0, 0.998883, 0, 0.0472459, 30.6515, 0, -0.973736)

[node name="MapleTree_54" parent="Ground/wall-trees-rocks" instance=ExtResource("6_64rc6")]
transform = Transform3D(0.0472459, 0, -0.998883, 0, 1, 0, 0.998883, 0, 0.0472459, 30.5875, 0, 2.16719)

[node name="NormalTree_15" parent="Ground/wall-trees-rocks" instance=ExtResource("7_mx2ir")]
transform = Transform3D(0.0472459, 0, -0.998883, 0, 1, 0, 0.998883, 0, 0.0472459, 30.6348, 0, 3.88559)

[node name="NormalTree_55" parent="Ground/wall-trees-rocks" instance=ExtResource("8_2vll7")]
transform = Transform3D(0.0472459, 0, -0.998883, 0, 1, 0, 0.998883, 0, 0.0472459, 31.8562, 0, 7.13031)

[node name="NormalTree_34" parent="Ground/wall-trees-rocks" instance=ExtResource("15_uho61")]
transform = Transform3D(0.0983161, 0, 1.54139, 0, 1.96257, 0, -1.97005, 0, 0.0769236, -30.8439, -0.644248, 31.6881)

[node name="PineTree_13" parent="Ground/wall-trees-rocks" instance=ExtResource("17_sd5nt")]
transform = Transform3D(1.75011, 0, 0, 0, 1.94012, 0, 0, 0, 1.94431, -31.07, -0.394248, 37.7764)

[node name="NormalTree_35" parent="Ground/wall-trees-rocks" instance=ExtResource("15_uho61")]
transform = Transform3D(1, 0, 0, 0, 1, 0, 0, 0, 1, -31.1129, 0.5, -13.2396)

[node name="PineTree_14" parent="Ground/wall-trees-rocks" instance=ExtResource("17_sd5nt")]
transform = Transform3D(1, 0, 0, 0, 1, 0, 0, 0, 1, -31.3391, 0.75, -9.76148)

[node name="PineTree_24" parent="Ground/wall-trees-rocks" instance=ExtResource("18_3606p")]
transform = Transform3D(1, 0, 0, 0, 1, 0, 0, 0, 1, -31.555, 0.75, -4.84824)

[node name="PineTree_23" parent="Ground/wall-trees-rocks" instance=ExtResource("18_3606p")]
transform = Transform3D(1, 0, 0, 0, 1, 0, 0, 0, 1, -31.286, 0.5, 42.6897)

[node name="PineTree_12" parent="Ground/wall-trees-rocks" instance=ExtResource("17_sd5nt")]
transform = Transform3D(1, 0, 0, 0, 1, 0, 0, 0, 1, -31.0169, 0.25, -45.6399)

[node name="PineTree_22" parent="Ground/wall-trees-rocks" instance=ExtResource("18_3606p")]
transform = Transform3D(1, 0, 0, 0, 1, 0, 0, 0, 1, -31.2328, 0.25, -34.4391)

[node name="PineTree_22" parent="Ground/wall-trees-rocks/PineTree_22" instance=ExtResource("18_3606p")]
transform = Transform3D(1, 0, 0, 0, 1, 0, 0, 0, 1, 0, 0, -1.87744)

[node name="PineTree_32" parent="Ground/wall-trees-rocks/PineTree_22" instance=ExtResource("19_ikac7")]
transform = Transform3D(1, 0, 0, 0, 1, 0, 0, 0, 1, 1.46534, 0.25, 0.617664)

[node name="PineTree_32" parent="Ground/wall-trees-rocks" instance=ExtResource("19_ikac7")]
transform = Transform3D(1, 0, 0, 0, 1, 0, 0, 0, 1, -31.3046, 0.25, -39.7921)

[node name="PineTree_32" parent="Ground/wall-trees-rocks/PineTree_32" instance=ExtResource("19_ikac7")]
transform = Transform3D(1, 0, 0, 0, 1, 0, 0, 0, 1, 1.46534, 0.25, 0.687908)

[node name="PineTree_33" parent="Ground/wall-trees-rocks/PineTree_32" instance=ExtResource("19_ikac7")]
transform = Transform3D(-0.574577, 0, 0.818451, 0, 1, 0, -0.818451, 0, -0.574577, 0, 0, -1.55222)

[node name="PineTree_32" parent="Ground/wall-trees-rocks/PineTree_32/PineTree_33" instance=ExtResource("19_ikac7")]
transform = Transform3D(1, 0, 0, 0, 1, 0, 0, 0, 1, 0.221596, 0.25, 2.45955)

[node name="PineTree_42" parent="Ground/wall-trees-rocks" instance=ExtResource("20_hi0in")]
transform = Transform3D(-0.410066, 0, -0.912056, 0, 1, 0, 0.912056, 0, -0.410066, -30.8145, 0.25, -27.8399)

[node name="PineTree_52" parent="Ground/wall-trees-rocks" instance=ExtResource("21_3rh45")]
transform = Transform3D(1, 0, 0, 0, 1, 0, 0, 0, 1, -11.1956, 0.25, -50.6642)

[node name="Rock_32" parent="Ground/wall-trees-rocks/PineTree_52" instance=ExtResource("11_k8d88")]
transform = Transform3D(-3.05625, 0, -2.26893, 0, 2.59407, 0, 3.48056, 0, -1.99233, -5.39644, 0.0140532, -1.82705)

[node name="Rock_33" parent="Ground/wall-trees-rocks/PineTree_52" instance=ExtResource("11_k8d88")]
transform = Transform3D(-3.05625, 0, -2.26893, 0, 2.59407, 0, 3.48056, 0, -1.99233, -5.59058, 0.0140532, -0.340729)

[node name="Rock_33" parent="Ground/wall-trees-rocks/PineTree_52/Rock_33" instance=ExtResource("11_k8d88")]
transform = Transform3D(-3.05625, 0, -2.26893, 0, 2.59407, 0, 3.48056, 0, -1.99233, -0.704463, 0.0140532, 2.74577)

[node name="Rock_33" parent="Ground/wall-trees-rocks/PineTree_52/Rock_33/Rock_33" instance=ExtResource("11_k8d88")]
transform = Transform3D(-3.05625, 0, -2.26893, 0, 2.59407, 0, 3.48056, 0, -1.99233, 0.779027, 0.0140532, -0.480901)

[node name="Rock_34" parent="Ground/wall-trees-rocks/PineTree_52/Rock_33/Rock_33" instance=ExtResource("11_k8d88")]
transform = Transform3D(3.49981, 0, 1.97795, 0, 2.59407, 0, -3.03419, 0, 2.28148, -2.87388, -0.159613, -2.05362)

[node name="Rock_33" parent="Ground/wall-trees-rocks/PineTree_52/Rock_33/Rock_33/Rock_34" instance=ExtResource("11_k8d88")]
transform = Transform3D(-3.05625, 0, -2.26893, 0, 2.59407, 0, 3.48056, 0, -1.99233, 1.05027, 0.0140532, -0.0327165)

[node name="Rock_35" parent="Ground/wall-trees-rocks/PineTree_52/Rock_33/Rock_33" instance=ExtResource("11_k8d88")]
transform = Transform3D(-4.36346, 0, -1.01309, 0, 2.59407, 0, 1.55409, 0, -2.84448, -0.547222, 0.0140532, 5.45242)

[node name="Rock_35" parent="Ground/wall-trees-rocks/PineTree_52/Rock_33/Rock_33/Rock_35" instance=ExtResource("11_k8d88")]
transform = Transform3D(-1.20812, 0, -0.836062, 0, 2.59407, 0, 0.430285, 0, -2.34743, 0.571319, 0.0352483, 3.47875)

[node name="Rock_42" parent="Ground/wall-trees-rocks/PineTree_52" instance=ExtResource("12_kyfdu")]
transform = Transform3D(-3.05625, 0, -2.26893, 0, 2.59407, 0, 3.48056, 0, -1.99233, -4.25586, 0.0140532, -1.61511)

[node name="Rock_52" parent="Ground/wall-trees-rocks/PineTree_52" instance=ExtResource("13_vqcon")]
transform = Transform3D(-3.05625, 0, -2.26893, 0, 2.59407, 0, 3.48056, 0, -1.99233, -2.98103, 0.0140532, -0.398624)

[node name="PineTree_52" parent="Ground/wall-trees-rocks/PineTree_52" instance=ExtResource("21_3rh45")]
transform = Transform3D(-0.242955, 0, -0.970038, 0, 1, 0, 0.970038, 0, -0.242955, -3.01649, 0.25, -26.0615)

[node name="Rock_36" parent="Ground/wall-trees-rocks/PineTree_52/PineTree_52" instance=ExtResource("11_k8d88")]
transform = Transform3D(42.3312, 0, 85.1374, 0, 45.2819, 0, -97.2758, 0, 10.8993, -45.7543, 0.760368, -82.9437)

[node name="Rock_35" parent="Ground/wall-trees-rocks/PineTree_52/PineTree_52" instance=ExtResource("11_k8d88")]
transform = Transform3D(-57.802, 0, -13.5771, 0, 17.456, 0, 58.0364, 0, -33.7, -17.9533, 33.0569, -97.7266)

[node name="Rock_32" parent="Ground/wall-trees-rocks/PineTree_52/PineTree_52" instance=ExtResource("11_k8d88")]
transform = Transform3D(-3.05625, 0, -2.26893, 0, 2.59407, 0, 3.48056, 0, -1.99233, -5.39644, 0.0140532, -1.82705)

[node name="Rock_33" parent="Ground/wall-trees-rocks/PineTree_52/PineTree_52" instance=ExtResource("11_k8d88")]
transform = Transform3D(-3.05625, 0, -2.26893, 0, 2.59407, 0, 3.48056, 0, -1.99233, -5.59058, 0.0140532, -0.340729)

[node name="Rock_33" parent="Ground/wall-trees-rocks/PineTree_52/PineTree_52/Rock_33" instance=ExtResource("11_k8d88")]
transform = Transform3D(-3.05625, 0, -2.26893, 0, 2.59407, 0, 3.48056, 0, -1.99233, -0.704463, 0.0140532, 2.74577)

[node name="Rock_33" parent="Ground/wall-trees-rocks/PineTree_52/PineTree_52/Rock_33/Rock_33" instance=ExtResource("11_k8d88")]
transform = Transform3D(-3.05625, 0, -2.26893, 0, 2.59407, 0, 3.48056, 0, -1.99233, 0.779027, 0.0140532, -0.480901)

[node name="Rock_34" parent="Ground/wall-trees-rocks/PineTree_52/PineTree_52/Rock_33/Rock_33" instance=ExtResource("11_k8d88")]
transform = Transform3D(3.49981, 0, 1.97795, 0, 2.59407, 0, -3.03419, 0, 2.28148, -2.87388, -0.159613, -2.05362)

[node name="Rock_33" parent="Ground/wall-trees-rocks/PineTree_52/PineTree_52/Rock_33/Rock_33/Rock_34" instance=ExtResource("11_k8d88")]
transform = Transform3D(-3.05625, 0, -2.26893, 0, 2.59407, 0, 3.48056, 0, -1.99233, 1.05027, 0.0140532, -0.0327165)

[node name="Rock_42" parent="Ground/wall-trees-rocks/PineTree_52/PineTree_52" instance=ExtResource("12_kyfdu")]
transform = Transform3D(-3.05625, 0, -2.26893, 0, 2.59407, 0, 3.48056, 0, -1.99233, -4.25586, 0.0140532, -1.61511)

[node name="Rock_52" parent="Ground/wall-trees-rocks/PineTree_52/PineTree_52" instance=ExtResource("13_vqcon")]
transform = Transform3D(-3.05625, 0, -2.26893, 0, 2.59407, 0, 3.48056, 0, -1.99233, -2.98103, 0.0140532, -0.398624)

[node name="MapleTree_13" parent="Ground/wall-trees-rocks" instance=ExtResource("2_dowjx")]
transform = Transform3D(-0.969766, -0.243903, 0.00810749, -0.243894, 0.9698, 0.00203902, -0.00835996, 0, -0.999965, 32.1368, 0, -20.3061)

[node name="MapleTree_23" parent="Ground/wall-trees-rocks" instance=ExtResource("3_jax2i")]
transform = Transform3D(-0.999965, 0, 0.00835996, 0.000723967, 0.996243, 0.0865963, -0.00832856, 0.0865993, -0.996208, 30.5536, 0, -23.3549)

[node name="MapleTree_35" parent="Ground/wall-trees-rocks" instance=ExtResource("4_d5e0f")]
transform = Transform3D(-0.999965, 0, 0.00835996, 0, 1, 0, -0.00835996, 0, -0.999965, 27.3506, 0, -50.4778)

[node name="MapleTree_45" parent="Ground/wall-trees-rocks" instance=ExtResource("5_4fdxu")]
transform = Transform3D(-0.999965, 0, 0.00835996, 0, 1, 0, -0.00835996, 0, -0.999965, 23.7698, 0, -50.5077)

[node name="MapleTree_55" parent="Ground/wall-trees-rocks" instance=ExtResource("6_64rc6")]
transform = Transform3D(-0.999965, 0, 0.00835996, 0, 1, 0, -0.00835996, 0, -0.999965, 20.6373, 0, -50.7463)

[node name="NormalTree_16" parent="Ground/wall-trees-rocks" instance=ExtResource("7_mx2ir")]
transform = Transform3D(-0.999965, 0, 0.00835996, 0, 1, 0, -0.00835996, 0, -0.999965, 18.9189, 0, -50.7946)

[node name="NormalTree_24" parent="Ground/wall-trees-rocks" instance=ExtResource("14_itov8")]
transform = Transform3D(-0.999965, 0, 0.00835996, 0, 1, 0, -0.00835996, 0, -0.999965, 16.5937, 0, -50.807)

[node name="NormalTree_36" parent="Ground/wall-trees-rocks" instance=ExtResource("15_uho61")]
transform = Transform3D(-0.999965, 0, 0.00835996, 0, 1, 0, -0.00835996, 0, -0.999965, 31.168, 0, -44.9966)

[node name="NormalTree_44" parent="Ground/wall-trees-rocks" instance=ExtResource("16_b7iub")]
transform = Transform3D(-0.999965, 0, 0.00835996, 0, 1, 0, -0.00835996, 0, -0.999965, 30.9856, 0, -48.1212)

[node name="NormalTree_56" parent="Ground/wall-trees-rocks" instance=ExtResource("8_2vll7")]
transform = Transform3D(-0.999965, 0, 0.00835996, 0, 1, 0, -0.00835996, 0, -0.999965, 15.6113, 0, -49.7554)

[node name="NormalTree_52" parent="Ground/wall-trees-rocks" instance=ExtResource("8_2vll7")]
transform = Transform3D(1, 0, 0, 0, 0.936935, 0.349504, 0, -0.349504, 0.936935, 30.2685, -0.0820419, 47.0345)

[node name="MapleTree_32" parent="Ground/wall-trees-rocks" instance=ExtResource("4_d5e0f")]
transform = Transform3D(1, 0, 0, 0, 1, 0, 0, 0, 1, -26.9276, 0, 50.7046)

[node name="flat-trees-rocks-2" type="Node3D" parent="Ground"]
transform = Transform3D(-0.806677, 0, -0.00475177, 0, 1, 0, 0.0061245, 0, -0.62587, 58.3159, 0, 15.4247)

[node name="MapleTree_12" parent="Ground/flat-trees-rocks-2" instance=ExtResource("2_dowjx")]
transform = Transform3D(1, 0, 0, 0, 1, 0, -2.27374e-13, 0, 1, -16.6766, 0, 23.3004)

[node name="wall-trees-rocks" type="Node3D" parent="Ground/flat-trees-rocks-2/MapleTree_12"]
transform = Transform3D(1, 0, 0, 0, 1, 0, 0, 0, 1, 0.215847, 0, 0)

[node name="MapleTree_12" parent="Ground/flat-trees-rocks-2/MapleTree_12/wall-trees-rocks" instance=ExtResource("2_dowjx")]
transform = Transform3D(1, 0, 0, 0, 1, 0, 0, 0, 1, -31.9659, 0, 20.5741)

[node name="MapleTree_22" parent="Ground/flat-trees-rocks-2/MapleTree_12/wall-trees-rocks" instance=ExtResource("3_jax2i")]
transform = Transform3D(1, 0, 0, 0, 1, 0, 0, 0, 1, -30.3573, 0, 23.6095)

[node name="MapleTree_32" parent="Ground/flat-trees-rocks-2/MapleTree_12/wall-trees-rocks" instance=ExtResource("4_d5e0f")]
transform = Transform3D(1, 0, 0, 0, 1, 0, 0, 0, 1, -26.9276, 0, 50.7046)

[node name="MapleTree_32" parent="Ground/flat-trees-rocks-2/MapleTree_12/wall-trees-rocks/MapleTree_32" instance=ExtResource("4_d5e0f")]
transform = Transform3D(1, 0, 0, 0, 1, 0, 0, 0, 1, 45.4633, 0, 0.328922)

[node name="MapleTree_42" parent="Ground/flat-trees-rocks-2/MapleTree_12/wall-trees-rocks/MapleTree_32" instance=ExtResource("5_4fdxu")]
transform = Transform3D(1, 0, 0, 0, 1, 0, 0, 0, 1, 49.0442, 0, 0.328922)

[node name="MapleTree_52" parent="Ground/flat-trees-rocks-2/MapleTree_12/wall-trees-rocks/MapleTree_32" instance=ExtResource("6_64rc6")]
transform = Transform3D(1, 0, 0, 0, 1, 0, 0, 0, 1, 52.1786, 0, 0.541286)

[node name="NormalTree_12" parent="Ground/flat-trees-rocks-2/MapleTree_12/wall-trees-rocks/MapleTree_32" instance=ExtResource("7_mx2ir")]
transform = Transform3D(1, 0, 0, 0, 1, 0, 0, 0, 1, 53.8973, 0, 0.575222)

[node name="NormalTree_52" parent="Ground/flat-trees-rocks-2/MapleTree_12/wall-trees-rocks/MapleTree_32" instance=ExtResource("8_2vll7")]
transform = Transform3D(1, 0, 0, 0, 1, 0, 0, 0, 1, 57.1961, 0, -0.491589)

[node name="MapleTree_32" parent="Ground/flat-trees-rocks-2/MapleTree_12/wall-trees-rocks/MapleTree_32/NormalTree_52" instance=ExtResource("4_d5e0f")]
transform = Transform3D(0.0472459, 0, -0.998883, 0, 1, 0, 0.998883, 0, 0.0472459, 0.213854, 0, -54.7637)

[node name="MapleTree_42" parent="Ground/flat-trees-rocks-2/MapleTree_12/wall-trees-rocks/MapleTree_32/NormalTree_52" instance=ExtResource("5_4fdxu")]
transform = Transform3D(0.0472459, 0, -0.998883, 0, 1, 0, 0.998883, 0, 0.0472459, 0.383041, 0, -51.1868)

[node name="MapleTree_52" parent="Ground/flat-trees-rocks-2/MapleTree_12/wall-trees-rocks/MapleTree_32/NormalTree_52" instance=ExtResource("6_64rc6")]
transform = Transform3D(0.0472459, 0, -0.998883, 0, 1, 0, 0.998883, 0, 0.0472459, 0.318996, 0, -48.0459)

[node name="NormalTree_12" parent="Ground/flat-trees-rocks-2/MapleTree_12/wall-trees-rocks/MapleTree_32/NormalTree_52" instance=ExtResource("7_mx2ir")]
transform = Transform3D(0.0472459, 0, -0.998883, 0, 1, 0, 0.998883, 0, 0.0472459, 0.366302, 0, -46.3275)

[node name="NormalTree_52" parent="Ground/flat-trees-rocks-2/MapleTree_12/wall-trees-rocks/MapleTree_32/NormalTree_52" instance=ExtResource("8_2vll7")]
transform = Transform3D(0.0472459, 0, -0.998883, 0, 1, 0, 0.998883, 0, 0.0472459, 1.58778, 0, -43.0827)

[node name="Rock_12" parent="Ground/flat-trees-rocks-2/MapleTree_12/wall-trees-rocks/MapleTree_32/NormalTree_52" instance=ExtResource("2_dn385")]
transform = Transform3D(-0.0746481, 0, 0.99721, 0, 1, 0, -0.99721, 0, -0.0746481, 0.317003, -0.20292, -36.6849)

[node name="Rock_22" parent="Ground/flat-trees-rocks-2/MapleTree_12/wall-trees-rocks/MapleTree_32/NormalTree_52" instance=ExtResource("4_o7y3g")]
transform = Transform3D(-0.0746481, 0, 0.99721, 0, 1, 0, -0.99721, 0, -0.0746481, 3.13523, -0.20292, -33.4831)

[node name="Rock_32" parent="Ground/flat-trees-rocks-2/MapleTree_12/wall-trees-rocks/MapleTree_32/NormalTree_52" instance=ExtResource("11_k8d88")]
transform = Transform3D(-0.0746481, 0, 0.99721, 0, 1, 0, -0.99721, 0, -0.0746481, 3.22517, -0.20292, -37.04)

[node name="Rock_42" parent="Ground/flat-trees-rocks-2/MapleTree_12/wall-trees-rocks/MapleTree_32/NormalTree_52" instance=ExtResource("12_kyfdu")]
transform = Transform3D(-0.0746481, 0, 0.99721, 0, 1, 0, -0.99721, 0, -0.0746481, 1.85038, -0.20292, -39.394)

[node name="Rock_52" parent="Ground/flat-trees-rocks-2/MapleTree_12/wall-trees-rocks/MapleTree_32/NormalTree_52" instance=ExtResource("13_vqcon")]
transform = Transform3D(-0.0746481, 0, 0.99721, 0, 1, 0, -0.99721, 0, -0.0746481, 1.84343, -0.20292, -35.1411)

[node name="Rock_12" parent="Ground/flat-trees-rocks-2/MapleTree_12/wall-trees-rocks/MapleTree_32/NormalTree_52/Rock_52" instance=ExtResource("2_dn385")]
transform = Transform3D(-0.951723, 0, -0.306958, 0, 1, 0, 0.306958, 0, -0.951723, -0.302605, 0.25, 1.56814)

[node name="Rock_22" parent="Ground/flat-trees-rocks-2/MapleTree_12/wall-trees-rocks/MapleTree_32/NormalTree_52/Rock_52" instance=ExtResource("4_o7y3g")]
